# name: debug
# type: sparse matrix
# nnz: 576
# rows: 24
# columns: 24

1 1 3228.7583
2 1 0.141627973
3 1 -0.797262014
4 1 -9.0636126e-05
5 1 0.00625026454
6 1 0.00108768954
7 1 -3.48676221e-08
8 1 -6.14743825e-08
9 1 6.30552488e-08
10 1 -1.2113635e-10
11 1 -4.63460341e-10
12 1 -5.18846985e-10
13 1 -1.46006168e-10
14 1 -6.11076865e-11
15 1 1.11562129e-10
16 1 -4.47346301e-13
17 1 -1.11698902e-12
18 1 -1.2029983e-12
19 1 -9.31901744e-12
20 1 -6.69909329e-12
21 1 1.33516593e-12
22 1 6.15268287e-14
23 1 -5.44766992e-14
24 1 1.56089277e-13
1 2 0.141627973
2 2 3229.2121
3 2 -0.0554748557
4 2 -0.00700586456
5 2 0.00126451195
6 2 0.00373533981
7 2 5.64844733e-09
8 2 6.60359878e-08
9 2 1.99374966e-09
10 2 3.21075685e-10
11 2 -4.68946329e-11
12 2 6.43978267e-10
13 2 -2.9946618e-10
14 2 -2.44265416e-10
15 2 2.16677652e-10
16 2 -8.30839672e-13
17 2 -2.26421344e-12
18 2 -3.58640921e-12
19 2 -1.97492759e-11
20 2 -5.33675071e-11
21 2 8.18205683e-12
22 2 4.79610979e-13
23 2 -2.26766228e-14
24 2 1.0096603e-12
1 3 -0.797262014
2 3 -0.0554748557
3 3 3229.62425
4 3 -0.00125086757
5 3 -0.0105036991
6 3 -0.00117407281
7 3 6.11568458e-08
8 3 1.19197512e-07
9 3 -1.08133607e-07
10 3 2.73504206e-10
11 3 7.8828664e-10
12 3 1.02358731e-09
13 3 2.18922231e-10
14 3 7.59351362e-11
15 3 -1.69537811e-10
16 3 7.00351041e-13
17 3 1.68186294e-12
18 3 1.68070666e-12
19 3 1.61598507e-11
20 3 3.05688664e-12
21 3 -1.14560335e-12
22 3 -3.03777029e-14
23 3 1.14739943e-13
24 3 -1.22318625e-13
1 4 -9.0636126e-05
2 4 -0.00700586456
3 4 -0.00125086757
4 4 3228.27021
5 4 1.00581566e-14
6 4 -8.12553213e-06
7 4 -2.5198686e-10
8 4 -1.72778618e-09
9 4 1.76572329e-10
10 4 -7.68698184e-12
11 4 -5.688003e-13
12 4 -1.65335414e-11
13 4 1.00365976e-12
14 4 1.35112603e-12
15 4 -6.11595437e-13
16 4 -5.25658169e-15
17 4 9.17796912e-15
18 4 7.90795279e-15
19 4 7.11798159e-14
20 4 2.36884716e-13
21 4 -3.55756493e-14
22 4 -2.12568382e-15
23 4 -2.37572221e-17
24 4 -4.41090151e-15
1 5 0.00625026454
2 5 0.00126451195
3 5 -0.0105036991
4 5 1.00581566e-14
5 5 3228.27021
6 5 1.00044422e-05
7 5 -4.56122327e-10
8 5 -7.43350818e-10
9 5 8.38188666e-10
10 5 -1.2674217e-12
11 5 -6.19507256e-12
12 5 -6.18361311e-12
13 5 -1.91646959e-12
14 5 -8.02753276e-13
15 5 1.46445521e-12
16 5 -5.09302857e-15
17 5 -1.49276944e-14
18 5 -1.49032683e-14
19 5 -1.50604097e-13
20 5 -5.07025071e-14
21 5 1.37120042e-14
22 5 4.81150834e-16
23 5 -1.01672468e-15
24 5 1.5249498e-15
1 6 0.00108768954
2 6 0.00373533981
3 6 -0.00117407281
4 6 -8.12553213e-06
5 6 1.00044422e-05
6 6 3228.27015
7 6 -1.01597353e-10
8 6 -4.798068e-10
9 6 1.18491063e-10
10 6 -1.91372813e-12
11 6 -7.03620649e-13
12 6 -4.4948573e-12
13 6 -2.2311302e-12
14 6 -1.48235279e-12
15 6 1.68922092e-12
16 6 -1.15533925e-14
17 6 -1.58034839e-14
18 6 -2.96487203e-14
19 6 -1.43040835e-13
20 6 -3.66180716e-13
21 6 5.64803514e-14
22 6 3.29230293e-15
23 6 -2.12444539e-16
24 6 6.96009167e-15
1 7 -3.48676221e-08
2 7 5.64844733e-09
3 7 6.11568458e-08
4 7 -2.5198686e-10
5 7 -4.56122327e-10
6 7 -1.01597353e-10
7 7 7984316.48
8 7 -30420208.1
9 7 -23554124.2
10 7 -47828.8576
11 7 184617.7
12 7 -254639.859
13 7 -0.00502795195
14 7 -0.00121194267
15 7 0.00365225184
16 7 -3.94419492e-07
17 7 -4.11621618e-05
18 7 -1.4214395e-05
19 7 -5.20690562e-11
20 7 -3.88985306e-11
21 7 3.96839357e-12
22 7 2.926979e-13
23 7 -3.1353738e-13
24 7 7.73233613e-13
1 8 -6.14743825e-08
2 8 6.60359878e-08
3 8 1.19197512e-07
4 8 -1.72778618e-09
5 8 -7.43350818e-10
6 8 -4.798068e-10
7 8 -30420208.1
8 8 -317988784
9 8 -5883625.05
10 8 -15389.742
11 8 46472.7913
12 8 -2432811.61
13 8 -0.00837112303
14 8 -0.000463022516
15 8 0.00650304761
16 8 -3.64203204e-05
17 8 -6.10387977e-05
18 8 -5.12555367e-05
19 8 -1.24681927e-10
20 8 -3.1510863e-10
21 8 3.84180954e-11
22 8 2.39220243e-12
23 8 -3.10534204e-13
24 8 5.22495628e-12
1 9 6.30552488e-08
2 9 1.99374966e-09
3 9 -1.08133607e-07
4 9 1.76572329e-10
5 9 8.38188666e-10
6 9 1.18491063e-10
7 9 -23554124.2
8 9 -5883625.05
9 9 48552521.9
10 9 97823.2274
11 9 -380451.498
12 9 1353.50735
13 9 0.00880410766
14 9 0.00246288965
15 9 -0.00630265029
16 9 -7.14725019e-06
17 9 7.37183913e-05
18 9 1.88433528e-05
19 9 9.89397211e-11
20 9 2.63519106e-11
21 9 -1.49852993e-12
22 9 -1.95510072e-13
23 9 6.89566519e-13
24 9 -7.51435166e-13
1 10 -1.2113635e-10
2 10 3.21075685e-10
3 10 2.73504206e-10
4 10 -7.68698184e-12
5 10 -1.2674217e-12
6 10 -1.91372813e-12
7 10 -47828.8576
8 10 -15389.742
9 10 97823.2274
10 10 3425.33874
11 10 -766.577728
12 10 -24.4467512
13 10 1.7658479e-05
14 10 4.96074004e-06
15 10 -1.26356024e-05
16 10 -1.48161106e-08
17 10 1.47958378e-07
18 10 3.74233873e-08
19 10 5.86642213e-13
20 10 1.83820396e-12
21 10 -2.28911656e-13
22 10 -1.40484253e-14
23 10 7.29211366e-16
24 10 -3.01958944e-14
1 11 -4.63460341e-10
2 11 -4.68946329e-11
3 11 7.8828664e-10
4 11 -5.688003e-13
5 11 -6.19507256e-12
6 11 -7.03620649e-13
7 11 184617.7
8 11 46472.7913
9 11 -380451.498
10 11 -766.577728
11 11 6209.63836
12 11 -7.87016977
13 11 -6.89840641e-05
14 11 -1.92999923e-05
15 11 4.93834542e-05
16 11 5.60516905e-08
17 11 -5.77626529e-07
18 11 -1.47607532e-07
19 11 -9.00077976e-13
20 11 -3.88171078e-13
21 11 3.30600596e-14
22 11 2.91516116e-15
23 11 -5.97892189e-15
24 11 9.10708324e-15
1 12 -5.18846985e-10
2 12 6.43978267e-10
3 12 1.02358731e-09
4 12 -1.65335414e-11
5 12 -6.18361311e-12
6 12 -4.4948573e-12
7 12 -254639.859
8 12 -2432811.61
9 12 1353.50735
10 12 -24.4467512
11 12 -7.87016977
12 12 -15304.9849
13 12 -5.55065342e-05
14 12 -1.18727354e-06
15 12 4.36313486e-05
16 12 -2.84804433e-07
17 12 -3.95656737e-07
18 12 -3.73273502e-07
19 12 -8.26106539e-13
20 12 -1.93464882e-12
21 12 2.34375744e-13
22 12 1.46743448e-14
23 12 -2.36403098e-15
24 12 3.22750485e-14
1 13 -1.46006168e-10
2 13 -2.9946618e-10
3 13 2.18922231e-10
4 13 1.00365976e-12
5 13 -1.91646959e-12
6 13 -2.2311302e-12
7 13 -0.00502795195
8 13 -0.00837112303
9 13 0.00880410766
10 13 1.7658479e-05
11 13 -6.89840641e-05
12 13 -5.55065342e-05
13 13 2769868.97
14 13 8489916.91
15 13 -11188.6321
16 13 276.124882
17 13 78.9123789
18 13 127359.404
19 13 0.0311965854
20 13 0.0238284827
21 13 -0.00536063744
22 13 -0.000362624514
23 13 0.000102048363
24 13 -0.00166301106
1 14 -6.11076865e-11
2 14 -2.44265416e-10
3 14 7.59351362e-11
4 14 1.35112603e-12
5 14 -8.02753276e-13
6 14 -1.48235279e-12
7 14 -0.00121194267
8 14 -0.000463022516
9 14 0.00246288965
10 14 4.96074004e-06
11 14 -1.92999923e-05
12 14 -1.18727354e-06
13 14 8489916.91
14 14 26127368.1
15 14 -26302.2056
16 14 865.007859
17 14 112.950983
18 14 391309.785
19 14 0.0933640835
20 14 0.0711343754
21 14 -0.0160642526
22 14 -0.00108374646
23 14 0.000305611131
24 14 -0.00496526039
1 15 1.11562129e-10
2 15 2.16677652e-10
3 15 -1.69537811e-10
4 15 -6.11595437e-13
5 15 1.46445521e-12
6 15 1.68922092e-12
7 15 0.00365225184
8 15 0.00650304761
9 15 -0.00630265029
10 15 -1.26356024e-05
11 15 4.93834542e-05
12 15 4.36313486e-05
13 15 -11188.6321
14 15 -26302.2056
15 15 5980.39669
16 15 4.46149776
17 15 -43.6784409
18 15 -389.000672
19 15 -7.54058094e-05
20 15 -6.06270017e-05
21 15 1.35122098e-05
22 15 9.22194662e-07
23 15 -2.20293259e-07
24 15 4.17887888e-06
1 16 -4.47346301e-13
2 16 -8.30839672e-13
3 16 7.00351041e-13
4 16 -5.25658169e-15
5 16 -5.09302857e-15
6 16 -1.15533925e-14
7 16 -3.94419492e-07
8 16 -3.64203204e-05
9 16 -7.14725019e-06
10 16 -1.48161106e-08
11 16 5.60516905e-08
12 16 -2.84804433e-07
13 16 276.124882
14 16 865.007859
15 16 4.46149776
16 16 3228.30973
17 16 -0.0816852569
18 16 12.9738738
19 16 3.15726554e-06
20 16 2.40171065e-06
21 16 -5.41931144e-07
22 16 -3.65744667e-08
23 16 1.03858082e-08
24 16 -1.67706621e-07
1 17 -1.11698902e-12
2 17 -2.26421344e-12
3 17 1.68186294e-12
4 17 9.17796912e-15
5 17 -1.49276944e-14
6 17 -1.58034839e-14
7 17 -4.11621618e-05
8 17 -6.10387977e-05
9 17 7.37183913e-05
10 17 1.47958378e-07
11 17 -5.77626529e-07
12 17 -3.95656737e-07
13 17 78.9123789
14 17 112.950983
15 17 -43.6784409
16 17 -0.0816852569
17 17 3228.96742
18 17 1.61097797
19 17 9.93328809e-08
20 17 1.26275145e-07
21 17 -2.58137396e-08
22 17 -1.90476154e-09
23 17 -1.02281785e-10
24 17 -7.97309931e-09
1 18 -1.2029983e-12
2 18 -3.58640921e-12
3 18 1.68070666e-12
4 18 7.90795279e-15
5 18 -1.49032683e-14
6 18 -2.96487203e-14
7 18 -1.4214395e-05
8 18 -5.12555367e-05
9 18 1.88433528e-05
10 18 3.74233873e-08
11 18 -1.47607532e-07
12 18 -3.73273502e-07
13 18 127359.404
14 18 391309.785
15 18 -389.000672
16 18 12.9738738
17 18 1.61097797
18 18 9097.26122
19 18 0.00143258191
20 18 0.00109369193
21 18 -0.000246193615
22 18 -1.66467819e-05
23 18 4.68770568e-06
24 18 -7.63335138e-05
1 19 -9.31901744e-12
2 19 -1.97492759e-11
3 19 1.61598507e-11
4 19 7.11798159e-14
5 19 -1.50604097e-13
6 19 -1.43040835e-13
7 19 -5.20690562e-11
8 19 -1.24681927e-10
9 19 9.89397211e-11
10 19 5.86642213e-13
11 19 -9.00077976e-13
12 19 -8.26106539e-13
13 19 0.0311965854
14 19 0.0933640835
15 19 -7.54058094e-05
16 19 3.15726554e-06
17 19 9.93328809e-08
18 19 0.00143258191
19 19 3229.99186
20 19 -2.49757359
21 19 -0.0836026465
22 19 0.00121985042
23 19 0.00804190801
24 19 -0.0976628482
1 20 -6.69909329e-12
2 20 -5.33675071e-11
3 20 3.05688664e-12
4 20 2.36884716e-13
5 20 -5.07025071e-14
6 20 -3.66180716e-13
7 20 -3.88985306e-11
8 20 -3.1510863e-10
9 20 2.63519106e-11
10 20 1.83820396e-12
11 20 -3.88171078e-13
12 20 -1.93464882e-12
13 20 0.0238284827
14 20 0.0711343754
15 20 -6.06270017e-05
16 20 2.40171065e-06
17 20 1.26275145e-07
18 20 0.00109369193
19 20 -2.49757359
20 20 3242.59163
21 20 -0.348215331
22 20 -0.0274102735
23 20 0.00399859404
24 20 0.387251791
1 21 1.33516593e-12
2 21 8.18205683e-12
3 21 -1.14560335e-12
4 21 -3.55756493e-14
5 21 1.37120042e-14
6 21 5.64803514e-14
7 21 3.96839357e-12
8 21 3.84180954e-11
9 21 -1.49852993e-12
10 21 -2.28911656e-13
11 21 3.30600596e-14
12 21 2.34375744e-13
13 21 -0.00536063744
14 21 -0.0160642526
15 21 1.35122098e-05
16 21 -5.41931144e-07
17 21 -2.58137396e-08
18 21 -0.000246193615
19 21 -0.0836026465
20 21 -0.348215331
21 21 3228.35654
22 21 0.0011755481
23 21 -0.00194299072
24 21 -0.00521950178
1 22 6.15268287e-14
2 22 4.79610979e-13
3 22 -3.03777029e-14
4 22 -2.12568382e-15
5 22 4.81150834e-16
6 22 3.29230293e-15
7 22 2.926979e-13
8 22 2.39220243e-12
9 22 -1.95510072e-13
10 22 -1.40484253e-14
11 22 2.91516116e-15
12 22 1.46743448e-14
13 22 -0.000362624514
14 22 -0.00108374646
15 22 9.22194662e-07
16 22 -3.65744667e-08
17 22 -1.90476154e-09
18 22 -1.66467819e-05
19 22 0.00121985042
20 22 -0.0274102735
21 22 0.0011755481
22 22 3228.27023
23 22 3.15977441e-11
24 22 -0.00042943828
1 23 -5.44766992e-14
2 23 -2.26766228e-14
3 23 1.14739943e-13
4 23 -2.37572221e-17
5 23 -1.01672468e-15
6 23 -2.12444539e-16
7 23 -3.1353738e-13
8 23 -3.10534204e-13
9 23 6.89566519e-13
10 23 7.29211366e-16
11 23 -5.97892189e-15
12 23 -2.36403098e-15
13 23 0.000102048363
14 23 0.000305611131
15 23 -2.20293259e-07
16 23 1.03858082e-08
17 23 -1.02281785e-10
18 23 4.68770568e-06
19 23 0.00804190801
20 23 0.00399859404
21 23 -0.00194299072
22 23 3.15977441e-11
23 23 3228.27023
24 23 8.62552852e-05
1 24 1.56089277e-13
2 24 1.0096603e-12
3 24 -1.22318625e-13
4 24 -4.41090151e-15
5 24 1.5249498e-15
6 24 6.96009167e-15
7 24 7.73233613e-13
8 24 5.22495628e-12
9 24 -7.51435166e-13
10 24 -3.01958944e-14
11 24 9.10708324e-15
12 24 3.22750485e-14
13 24 -0.00166301106
14 24 -0.00496526039
15 24 4.17887888e-06
16 24 -1.67706621e-07
17 24 -7.97309931e-09
18 24 -7.63335138e-05
19 24 -0.0976628482
20 24 0.387251791
21 24 -0.00521950178
22 24 -0.00042943828
23 24 8.62552852e-05
24 24 3228.28285
