# name: debug
# type: sparse matrix
# nnz: 324
# rows: 18
# columns: 18

1 1 -40447.7202
2 1 -13936.2488
3 1 97.3147428
4 1 46.7584762
5 1 -266.161871
6 1 -20724.0218
7 1 -0.0880777742
8 1 -0.0292620545
9 1 -0.0109241321
10 1 0.00505447916
11 1 0.00158093019
12 1 -0.0647739382
13 1 -0.119503508
14 1 -0.0400004175
15 1 -0.00346168516
16 1 0.000734590298
17 1 0.00782195317
18 1 -0.115742052
1 2 -13936.2488
2 2 -2981.34905
3 2 13.0817714
4 2 11.8734165
5 2 -51.4751529
6 2 -6871.44117
7 2 -0.0609092062
8 2 -0.0245034528
9 2 -0.00357655667
10 2 0.00141326468
11 2 0.000584721112
12 2 -0.053821121
13 2 -0.136828079
14 2 -0.0457930969
15 2 -0.00404733546
16 2 0.000861571289
17 2 0.0091372408
18 2 -0.132508451
1 3 97.3147428
2 3 13.0817714
3 3 1571.9665
4 3 80.9831586
5 3 -414.634657
6 3 4.71938373
7 3 0.00673653023
8 3 0.00231859811
9 3 0.000743832417
10 3 -0.000415332775
11 3 0.000120223435
12 3 0.00520542515
13 3 0.0166075463
14 3 0.00557243386
15 3 0.000287596486
16 3 -5.44278305e-05
17 3 -0.000669457775
18 3 0.0161143413
1 4 46.7584762
2 4 11.8734165
3 4 80.9831586
4 4 1484.61339
5 4 -248.890528
6 4 -2.31356207
7 4 -0.00420688473
8 4 -0.0025563725
9 4 0.000548631226
10 4 -0.00036743054
11 4 8.36274136e-05
12 4 -0.00549505405
13 4 -0.0218570661
14 4 -0.00731702853
15 4 -0.000616795116
16 4 0.000130268699
17 4 0.00139552958
18 4 -0.0211715619
1 5 -266.161871
2 5 -51.4751529
3 5 -414.634657
4 5 -248.890528
5 5 2707.54854
6 5 -0.197289242
7 5 -0.00973238608
8 5 -0.00189556893
9 5 -0.00240403992
10 5 0.00142447324
11 5 -0.000387616669
12 5 -0.00457705693
13 5 -0.00247272272
14 5 -0.000843698061
15 5 0.00015483857
16 5 -4.05061364e-05
17 5 -0.000327146664
18 5 -0.00242949427
1 6 -20724.0218
2 6 -6871.44117
3 6 4.71938373
4 6 -2.31356207
5 6 -0.197289242
6 6 -8803.2749
7 6 -0.0813639797
8 6 -0.0323153737
9 6 -0.00516309305
10 6 0.00210431043
11 6 0.000786479977
12 6 -0.0710291392
13 6 -0.17764452
14 6 -0.0594541454
15 6 -0.00524398023
16 6 0.0011159557
17 6 0.0118398408
18 6 -0.172037983
1 7 -0.0880777742
2 7 -0.0609092062
3 7 0.00673653023
4 7 -0.00420688473
5 7 -0.00973238608
6 7 -0.0813639797
7 7 8623.30594
8 7 4387.51429
9 7 -95.6464148
10 7 7.54417806
11 7 76.3948215
12 7 4176.64943
13 7 -1228.33288
14 7 -414.629254
15 7 -8.11044601
16 7 0.981227519
17 7 19.1411982
18 7 -1188.57429
1 8 -0.0292620545
2 8 -0.0245034528
3 8 0.00231859811
4 8 -0.0025563725
5 8 -0.00189556893
6 8 -0.0323153737
7 8 4387.51429
8 8 4140.42764
9 8 -34.0668174
10 8 9.07767509
11 8 18.9736056
12 8 2465.8695
13 8 -591.326037
14 8 -199.830432
15 8 -4.03437975
16 8 0.533200976
17 8 9.19831379
18 8 -571.359525
1 9 -0.0109241321
2 9 -0.00357655667
3 9 0.000743832417
4 9 0.000548631226
5 9 -0.00240403992
6 9 -0.00516309305
7 9 -95.6464148
8 9 -34.0668174
9 9 1712.23973
10 9 80.2266196
11 9 -338.752824
12 9 -26.5176115
13 9 17.8186882
14 9 6.05328417
15 9 0.132186214
16 9 -0.0239157184
17 9 -0.262950054
18 9 17.106206
1 10 0.00505447916
2 10 0.00141326468
3 10 -0.000415332775
4 10 -0.00036743054
5 10 0.00142447324
6 10 0.00210431043
7 10 7.54417806
8 10 9.07767509
9 10 80.2266196
10 10 1459.61256
11 10 -98.796566
12 10 22.3067619
13 10 -18.2460588
14 10 -6.1227472
15 10 -0.100750235
16 10 0.00471530486
17 10 0.288217526
18 10 -17.7872306
1 11 0.00158093019
2 11 0.000584721112
3 11 0.000120223435
4 11 8.36274136e-05
5 11 -0.000387616669
6 11 0.000786479977
7 11 76.3948215
8 11 18.9736056
9 11 -338.752824
10 11 -98.796566
11 11 1851.4935
12 11 0.742906692
13 11 -0.228805672
14 11 -0.145844293
15 11 -0.0284418263
16 11 0.0170154774
17 11 -0.0226406986
18 11 0.0220865603
1 12 -0.0647739382
2 12 -0.053821121
3 12 0.00520542515
4 12 -0.00549505405
5 12 -0.00457705693
6 12 -0.0710291392
7 12 4176.64943
8 12 2465.8695
9 12 -26.5176115
10 12 22.3067619
11 12 0.742906692
12 12 4175.25766
13 12 -1281.09599
14 12 -431.614505
15 12 -7.99044844
16 12 0.802162097
17 12 20.0357016
18 12 -1242.6479
1 13 -0.119503508
2 13 -0.136828079
3 13 0.0166075463
4 13 -0.0218570661
5 13 -0.00247272272
6 13 -0.17764452
7 13 -1228.33288
8 13 -591.326037
9 13 17.8186882
10 13 -18.2460588
11 13 -0.228805672
12 13 -1281.09599
13 13 4216.18388
14 13 937.480171
15 13 8.93389632
16 13 0.227299944
17 13 -25.2142225
18 13 2697.68524
1 14 -0.0400004175
2 14 -0.0457930969
3 14 0.00557243386
4 14 -0.00731702853
5 14 -0.000843698061
6 14 -0.0594541454
7 14 -414.629254
8 14 -199.830432
9 14 6.05328417
10 14 -6.1227472
11 14 -0.145844293
12 14 -431.614505
13 14 937.480171
14 14 1752.41147
15 14 2.03024453
16 14 0.28223154
17 14 -6.07454675
18 14 908.988686
1 15 -0.00346168516
2 15 -0.00404733546
3 15 0.000287596486
4 15 -0.000616795116
5 15 0.00015483857
6 15 -0.00524398023
7 15 -8.11044601
8 15 -4.03437975
9 15 0.132186214
10 15 -0.100750235
11 15 -0.0284418263
12 15 -7.99044844
13 15 8.93389632
14 15 2.03024453
15 15 1451.65831
16 15 -3.90788727
17 15 -33.8195976
18 15 5.84710395
1 16 0.000734590298
2 16 0.000861571289
3 16 -5.44278305e-05
4 16 0.000130268699
5 16 -4.05061364e-05
6 16 0.0011159557
7 16 0.981227519
8 16 0.533200976
9 16 -0.0239157184
10 16 0.00471530486
11 16 0.0170154774
12 16 0.802162097
13 16 0.227299944
14 16 0.28223154
15 16 -3.90788727
16 16 1436.80682
17 16 8.28306296
18 16 0.988921111
1 17 0.00782195317
2 17 0.0091372408
3 17 -0.000669457775
4 17 0.00139552958
5 17 -0.000327146664
6 17 0.0118398408
7 17 19.1411982
8 17 9.19831379
9 17 -0.262950054
10 17 0.288217526
11 17 -0.0226406986
12 17 20.0357016
13 17 -25.2142225
14 17 -6.07454675
15 17 -33.8195976
16 17 8.28306296
17 17 1508.86235
18 17 -19.2906582
1 18 -0.115742052
2 18 -0.132508451
3 18 0.0161143413
4 18 -0.0211715619
5 18 -0.00242949427
6 18 -0.172037983
7 18 -1188.57429
8 18 -571.359525
9 18 17.106206
10 18 -17.7872306
11 18 0.0220865603
12 18 -1242.6479
13 18 2697.68524
14 18 908.988686
15 18 5.84710395
16 18 0.988921111
17 18 -19.2906582
18 18 4057.16038
